country,year,population,Totale
Afghanistan,1952,8425333,8427285
Afghanistan,1957,9240934,9242891
Afghanistan,1962,10267083,10269045
Afghanistan,1967,11537966,11539933
Afghanistan,1972,13079460,13081432
Afghanistan,1977,14880372,14882349
Afghanistan,1982,12881816,12883798
Afghanistan,1987,13867957,13869944
Afghanistan,1992,16317921,16319913
Afghanistan,1997,22227415,22229412
Afghanistan,2002,25268405,25270407
Afghanistan,2007,31889923,31891930
Albania,1952,1282697,1284649
Albania,1957,1476505,1478462
Albania,1962,1728137,1730099
Albania,1967,1984060,1986027
Albania,1972,2263554,2265526
Albania,1977,2509048,2511025
Albania,1982,2780097,2782079
Albania,1987,3075321,3077308
Albania,1992,3326498,3328490
Albania,1997,3428038,3430035
Albania,2002,3508512,3510514
Albania,2007,3600523,3602530
Algeria,1952,9279525,9281477
Algeria,1957,10270856,10272813
Algeria,1962,11000948,11002910
Algeria,1967,12760499,12762466
Algeria,1972,14760787,14762759
Algeria,1977,17152804,17154781
Algeria,1982,20033753,20035735
Algeria,1987,23254956,23256943
Algeria,1992,26298373,26300365
Algeria,1997,29072015,29074012
Algeria,2002,31287142,31289144
Algeria,2007,33333216,33335223
Angola,1952,4232095,4234047
Angola,1957,4561361,4563318
Angola,1962,4826015,4827977
Angola,1967,5247469,5249436
Angola,1972,5894858,5896830
Angola,1977,6162675,6164652
Angola,1982,7016384,7018366
Angola,1987,7874230,7876217
Angola,1992,8735988,8737980
Angola,1997,9875024,9877021
Angola,2002,10866106,10868108
Angola,2007,12420476,12422483
Argentina,1952,17876956,17878908
Argentina,1957,19610538,19612495
Argentina,1962,21283783,21285745
Argentina,1967,22934225,22936192
Argentina,1972,24779799,24781771
Argentina,1977,26983828,26985805
Argentina,1982,29341374,29343356
Argentina,1987,31620918,31622905
Argentina,1992,33958947,33960939
Argentina,1997,36203463,36205460
Argentina,2002,38331121,38333123
Argentina,2007,40301927,40303934
Australia,1952,8691212,8693164
Australia,1957,9712569,9714526
Australia,1962,10794968,10796930
Australia,1967,11872264,11874231
Australia,1972,13177000,13178972
Australia,1977,14074100,14076077
Australia,1982,15184200,15186182
Australia,1987,16257249,16259236
Australia,1992,17481977,17483969
Australia,1997,18565243,18567240
Australia,2002,19546792,19548794
Australia,2007,20434176,20436183
Austria,1952,6927772,6929724
Austria,1957,6965860,6967817
Austria,1962,7129864,7131826
Austria,1967,7376998,7378965
Austria,1972,7544201,7546173
Austria,1977,7568430,7570407
Austria,1982,7574613,7576595
Austria,1987,7578903,7580890
Austria,1992,7914969,7916961
Austria,1997,8069876,8071873
Austria,2002,8148312,8150314
Austria,2007,8199783,8201790
Bahrain,1952,120447,122399
Bahrain,1957,138655,140612
Bahrain,1962,171863,173825
Bahrain,1967,202182,204149
Bahrain,1972,230800,232772
Bahrain,1977,297410,299387
Bahrain,1982,377967,379949
Bahrain,1987,454612,456599
Bahrain,1992,529491,531483
Bahrain,1997,598561,600558
Bahrain,2002,656397,658399
Bahrain,2007,708573,710580
Bangladesh,1952,46886859,46888811
Bangladesh,1957,51365468,51367425
Bangladesh,1962,56839289,56841251
Bangladesh,1967,62821884,62823851
Bangladesh,1972,70759295,70761267
Bangladesh,1977,80428306,80430283
Bangladesh,1982,93074406,93076388
Bangladesh,1987,103764241,103766228
Bangladesh,1992,113704579,113706571
Bangladesh,1997,123315288,123317285
Bangladesh,2002,135656790,135658792
Bangladesh,2007,150448339,150450346
Belgium,1952,8730405,8732357
Belgium,1957,8989111,8991068
Belgium,1962,9218400,9220362
Belgium,1967,9556500,9558467
Belgium,1972,9709100,9711072
Belgium,1977,9821800,9823777
Belgium,1982,9856303,9858285
Belgium,1987,9870200,9872187
Belgium,1992,10045622,10047614
Belgium,1997,10199787,10201784
Belgium,2002,10311970,10313972
Belgium,2007,10392226,10394233
Benin,1952,1738315,1740267
Benin,1957,1925173,1927130
Benin,1962,2151895,2153857
Benin,1967,2427334,2429301
Benin,1972,2761407,2763379
Benin,1977,3168267,3170244
Benin,1982,3641603,3643585
Benin,1987,4243788,4245775
Benin,1992,4981671,4983663
Benin,1997,6066080,6068077
Benin,2002,7026113,7028115
Benin,2007,8078314,8080321
Bolivia,1952,2883315,2885267
Bolivia,1957,3211738,3213695
Bolivia,1962,3593918,3595880
Bolivia,1967,4040665,4042632
Bolivia,1972,4565872,4567844
Bolivia,1977,5079716,5081693
Bolivia,1982,5642224,5644206
Bolivia,1987,6156369,6158356
Bolivia,1992,6893451,6895443
Bolivia,1997,7693188,7695185
Bolivia,2002,8445134,8447136
Bolivia,2007,9119152,9121159
Bosnia and Herzegovina,1952,2791000,2792952
Bosnia and Herzegovina,1957,3076000,3077957
Bosnia and Herzegovina,1962,3349000,3350962
Bosnia and Herzegovina,1967,3585000,3586967
Bosnia and Herzegovina,1972,3819000,3820972
Bosnia and Herzegovina,1977,4086000,4087977
Bosnia and Herzegovina,1982,4172693,4174675
Bosnia and Herzegovina,1987,4338977,4340964
Bosnia and Herzegovina,1992,4256013,4258005
Bosnia and Herzegovina,1997,3607000,3608997
Bosnia and Herzegovina,2002,4165416,4167418
Bosnia and Herzegovina,2007,4552198,4554205
Botswana,1952,442308,444260
Botswana,1957,474639,476596
Botswana,1962,512764,514726
Botswana,1967,553541,555508
Botswana,1972,619351,621323
Botswana,1977,781472,783449
Botswana,1982,970347,972329
Botswana,1987,1151184,1153171
Botswana,1992,1342614,1344606
Botswana,1997,1536536,1538533
Botswana,2002,1630347,1632349
Botswana,2007,1639131,1641138
Brazil,1952,56602560,56604512
Brazil,1957,65551171,65553128
Brazil,1962,76039390,76041352
Brazil,1967,88049823,88051790
Brazil,1972,100840058,100842030
Brazil,1977,114313951,114315928
Brazil,1982,128962939,128964921
Brazil,1987,142938076,142940063
Brazil,1992,155975974,155977966
Brazil,1997,168546719,168548716
Brazil,2002,179914212,179916214
Brazil,2007,190010647,190012654
Bulgaria,1952,7274900,7276852
Bulgaria,1957,7651254,7653211
Bulgaria,1962,8012946,8014908
Bulgaria,1967,8310226,8312193
Bulgaria,1972,8576200,8578172
Bulgaria,1977,8797022,8798999
Bulgaria,1982,8892098,8894080
Bulgaria,1987,8971958,8973945
Bulgaria,1992,8658506,8660498
Bulgaria,1997,8066057,8068054
Bulgaria,2002,7661799,7663801
Bulgaria,2007,7322858,7324865
Burkina Faso,1952,4469979,4471931
Burkina Faso,1957,4713416,4715373
Burkina Faso,1962,4919632,4921594
Burkina Faso,1967,5127935,5129902
Burkina Faso,1972,5433886,5435858
Burkina Faso,1977,5889574,5891551
Burkina Faso,1982,6634596,6636578
Burkina Faso,1987,7586551,7588538
Burkina Faso,1992,8878303,8880295
Burkina Faso,1997,10352843,10354840
Burkina Faso,2002,12251209,12253211
Burkina Faso,2007,14326203,14328210
Burundi,1952,2445618,2447570
Burundi,1957,2667518,2669475
Burundi,1962,2961915,2963877
Burundi,1967,3330989,3332956
Burundi,1972,3529983,3531955
Burundi,1977,3834415,3836392
Burundi,1982,4580410,4582392
Burundi,1987,5126023,5128010
Burundi,1992,5809236,5811228
Burundi,1997,6121610,6123607
Burundi,2002,7021078,7023080
Burundi,2007,8390505,8392512
Cambodia,1952,4693836,4695788
Cambodia,1957,5322536,5324493
Cambodia,1962,6083619,6085581
Cambodia,1967,6960067,6962034
Cambodia,1972,7450606,7452578
Cambodia,1977,6978607,6980584
Cambodia,1982,7272485,7274467
Cambodia,1987,8371791,8373778
Cambodia,1992,10150094,10152086
Cambodia,1997,11782962,11784959
Cambodia,2002,12926707,12928709
Cambodia,2007,14131858,14133865
Cameroon,1952,5009067,5011019
Cameroon,1957,5359923,5361880
Cameroon,1962,5793633,5795595
Cameroon,1967,6335506,6337473
Cameroon,1972,7021028,7023000
Cameroon,1977,7959865,7961842
Cameroon,1982,9250831,9252813
Cameroon,1987,10780667,10782654
Cameroon,1992,12467171,12469163
Cameroon,1997,14195809,14197806
Cameroon,2002,15929988,15931990
Cameroon,2007,17696293,17698300
Canada,1952,14785584,14787536
Canada,1957,17010154,17012111
Canada,1962,18985849,18987811
Canada,1967,20819767,20821734
Canada,1972,22284500,22286472
Canada,1977,23796400,23798377
Canada,1982,25201900,25203882
Canada,1987,26549700,26551687
Canada,1992,28523502,28525494
Canada,1997,30305843,30307840
Canada,2002,31902268,31904270
Canada,2007,33390141,33392148
Central African Republic,1952,1291695,1293647
Central African Republic,1957,1392284,1394241
Central African Republic,1962,1523478,1525440
Central African Republic,1967,1733638,1735605
Central African Republic,1972,1927260,1929232
Central African Republic,1977,2167533,2169510
Central African Republic,1982,2476971,2478953
Central African Republic,1987,2840009,2841996
Central African Republic,1992,3265124,3267116
Central African Republic,1997,3696513,3698510
Central African Republic,2002,4048013,4050015
Central African Republic,2007,4369038,4371045
Chad,1952,2682462,2684414
Chad,1957,2894855,2896812
Chad,1962,3150417,3152379
Chad,1967,3495967,3497934
Chad,1972,3899068,3901040
Chad,1977,4388260,4390237
Chad,1982,4875118,4877100
Chad,1987,5498955,5500942
Chad,1992,6429417,6431409
Chad,1997,7562011,7564008
Chad,2002,8835739,8837741
Chad,2007,10238807,10240814
Chile,1952,6377619,6379571
Chile,1957,7048426,7050383
Chile,1962,7961258,7963220
Chile,1967,8858908,8860875
Chile,1972,9717524,9719496
Chile,1977,10599793,10601770
Chile,1982,11487112,11489094
Chile,1987,12463354,12465341
Chile,1992,13572994,13574986
Chile,1997,14599929,14601926
Chile,2002,15497046,15499048
Chile,2007,16284741,16286748
China,1952,556263527,556265479
China,1957,637408000,637409957
China,1962,665770000,665771962
China,1967,754550000,754551967
China,1972,862030000,862031972
China,1977,943455000,943456977
China,1982,1000281000,1000282982
China,1987,1084035000,1084036987
China,1992,1164970000,1164971992
China,1997,1230075000,1230076997
China,2002,1280400000,1280402002
China,2007,1318683096,1318685103
Colombia,1952,12350771,12352723
Colombia,1957,14485993,14487950
Colombia,1962,17009885,17011847
Colombia,1967,19764027,19765994
Colombia,1972,22542890,22544862
Colombia,1977,25094412,25096389
Colombia,1982,27764644,27766626
Colombia,1987,30964245,30966232
Colombia,1992,34202721,34204713
Colombia,1997,37657830,37659827
Colombia,2002,41008227,41010229
Colombia,2007,44227550,44229557
Comoros,1952,153936,155888
Comoros,1957,170928,172885
Comoros,1962,191689,193651
Comoros,1967,217378,219345
Comoros,1972,250027,251999
Comoros,1977,304739,306716
Comoros,1982,348643,350625
Comoros,1987,395114,397101
Comoros,1992,454429,456421
Comoros,1997,527982,529979
Comoros,2002,614382,616384
Comoros,2007,710960,712967
"Congo, Dem. Rep.",1952,14100005,14101957
"Congo, Dem. Rep.",1957,15577932,15579889
"Congo, Dem. Rep.",1962,17486434,17488396
"Congo, Dem. Rep.",1967,19941073,19943040
"Congo, Dem. Rep.",1972,23007669,23009641
"Congo, Dem. Rep.",1977,26480870,26482847
"Congo, Dem. Rep.",1982,30646495,30648477
"Congo, Dem. Rep.",1987,35481645,35483632
"Congo, Dem. Rep.",1992,41672143,41674135
"Congo, Dem. Rep.",1997,47798986,47800983
"Congo, Dem. Rep.",2002,55379852,55381854
"Congo, Dem. Rep.",2007,64606759,64608766
"Congo, Rep.",1952,854885,856837
"Congo, Rep.",1957,940458,942415
"Congo, Rep.",1962,1047924,1049886
"Congo, Rep.",1967,1179760,1181727
"Congo, Rep.",1972,1340458,1342430
"Congo, Rep.",1977,1536769,1538746
"Congo, Rep.",1982,1774735,1776717
"Congo, Rep.",1987,2064095,2066082
"Congo, Rep.",1992,2409073,2411065
"Congo, Rep.",1997,2800947,2802944
"Congo, Rep.",2002,3328795,3330797
"Congo, Rep.",2007,3800610,3802617
Costa Rica,1952,926317,928269
Costa Rica,1957,1112300,1114257
Costa Rica,1962,1345187,1347149
Costa Rica,1967,1588717,1590684
Costa Rica,1972,1834796,1836768
Costa Rica,1977,2108457,2110434
Costa Rica,1982,2424367,2426349
Costa Rica,1987,2799811,2801798
Costa Rica,1992,3173216,3175208
Costa Rica,1997,3518107,3520104
Costa Rica,2002,3834934,3836936
Costa Rica,2007,4133884,4135891
Cote d'Ivoire,1952,2977019,2978971
Cote d'Ivoire,1957,3300000,3301957
Cote d'Ivoire,1962,3832408,3834370
Cote d'Ivoire,1967,4744870,4746837
Cote d'Ivoire,1972,6071696,6073668
Cote d'Ivoire,1977,7459574,7461551
Cote d'Ivoire,1982,9025951,9027933
Cote d'Ivoire,1987,10761098,10763085
Cote d'Ivoire,1992,12772596,12774588
Cote d'Ivoire,1997,14625967,14627964
Cote d'Ivoire,2002,16252726,16254728
Cote d'Ivoire,2007,18013409,18015416
Croatia,1952,3882229,3884181
Croatia,1957,3991242,3993199
Croatia,1962,4076557,4078519
Croatia,1967,4174366,4176333
Croatia,1972,4225310,4227282
Croatia,1977,4318673,4320650
Croatia,1982,4413368,4415350
Croatia,1987,4484310,4486297
Croatia,1992,4494013,4496005
Croatia,1997,4444595,4446592
Croatia,2002,4481020,4483022
Croatia,2007,4493312,4495319
Cuba,1952,6007797,6009749
Cuba,1957,6640752,6642709
Cuba,1962,7254373,7256335
Cuba,1967,8139332,8141299
Cuba,1972,8831348,8833320
Cuba,1977,9537988,9539965
Cuba,1982,9789224,9791206
Cuba,1987,10239839,10241826
Cuba,1992,10723260,10725252
Cuba,1997,10983007,10985004
Cuba,2002,11226999,11229001
Cuba,2007,11416987,11418994
Czech Republic,1952,9125183,9127135
Czech Republic,1957,9513758,9515715
Czech Republic,1962,9620282,9622244
Czech Republic,1967,9835109,9837076
Czech Republic,1972,9862158,9864130
Czech Republic,1977,10161915,10163892
Czech Republic,1982,10303704,10305686
Czech Republic,1987,10311597,10313584
Czech Republic,1992,10315702,10317694
Czech Republic,1997,10300707,10302704
Czech Republic,2002,10256295,10258297
Czech Republic,2007,10228744,10230751
Denmark,1952,4334000,4335952
Denmark,1957,4487831,4489788
Denmark,1962,4646899,4648861
Denmark,1967,4838800,4840767
Denmark,1972,4991596,4993568
Denmark,1977,5088419,5090396
Denmark,1982,5117810,5119792
Denmark,1987,5127024,5129011
Denmark,1992,5171393,5173385
Denmark,1997,5283663,5285660
Denmark,2002,5374693,5376695
Denmark,2007,5468120,5470127
Djibouti,1952,63149,65101
Djibouti,1957,71851,73808
Djibouti,1962,89898,91860
Djibouti,1967,127617,129584
Djibouti,1972,178848,180820
Djibouti,1977,228694,230671
Djibouti,1982,305991,307973
Djibouti,1987,311025,313012
Djibouti,1992,384156,386148
Djibouti,1997,417908,419905
Djibouti,2002,447416,449418
Djibouti,2007,496374,498381
Dominican Republic,1952,2491346,2493298
Dominican Republic,1957,2923186,2925143
Dominican Republic,1962,3453434,3455396
Dominican Republic,1967,4049146,4051113
Dominican Republic,1972,4671329,4673301
Dominican Republic,1977,5302800,5304777
Dominican Republic,1982,5968349,5970331
Dominican Republic,1987,6655297,6657284
Dominican Republic,1992,7351181,7353173
Dominican Republic,1997,7992357,7994354
Dominican Republic,2002,8650322,8652324
Dominican Republic,2007,9319622,9321629
Ecuador,1952,3548753,3550705
Ecuador,1957,4058385,4060342
Ecuador,1962,4681707,4683669
Ecuador,1967,5432424,5434391
Ecuador,1972,6298651,6300623
Ecuador,1977,7278866,7280843
Ecuador,1982,8365850,8367832
Ecuador,1987,9545158,9547145
Ecuador,1992,10748394,10750386
Ecuador,1997,11911819,11913816
Ecuador,2002,12921234,12923236
Ecuador,2007,13755680,13757687
Egypt,1952,22223309,22225261
Egypt,1957,25009741,25011698
Egypt,1962,28173309,28175271
Egypt,1967,31681188,31683155
Egypt,1972,34807417,34809389
Egypt,1977,38783863,38785840
Egypt,1982,45681811,45683793
Egypt,1987,52799062,52801049
Egypt,1992,59402198,59404190
Egypt,1997,66134291,66136288
Egypt,2002,73312559,73314561
Egypt,2007,80264543,80266550
El Salvador,1952,2042865,2044817
El Salvador,1957,2355805,2357762
El Salvador,1962,2747687,2749649
El Salvador,1967,3232927,3234894
El Salvador,1972,3790903,3792875
El Salvador,1977,4282586,4284563
El Salvador,1982,4474873,4476855
El Salvador,1987,4842194,4844181
El Salvador,1992,5274649,5276641
El Salvador,1997,5783439,5785436
El Salvador,2002,6353681,6355683
El Salvador,2007,6939688,6941695
Equatorial Guinea,1952,216964,218916
Equatorial Guinea,1957,232922,234879
Equatorial Guinea,1962,249220,251182
Equatorial Guinea,1967,259864,261831
Equatorial Guinea,1972,277603,279575
Equatorial Guinea,1977,192675,194652
Equatorial Guinea,1982,285483,287465
Equatorial Guinea,1987,341244,343231
Equatorial Guinea,1992,387838,389830
Equatorial Guinea,1997,439971,441968
Equatorial Guinea,2002,495627,497629
Equatorial Guinea,2007,551201,553208
Eritrea,1952,1438760,1440712
Eritrea,1957,1542611,1544568
Eritrea,1962,1666618,1668580
Eritrea,1967,1820319,1822286
Eritrea,1972,2260187,2262159
Eritrea,1977,2512642,2514619
Eritrea,1982,2637297,2639279
Eritrea,1987,2915959,2917946
Eritrea,1992,3668440,3670432
Eritrea,1997,4058319,4060316
Eritrea,2002,4414865,4416867
Eritrea,2007,4906585,4908592
Ethiopia,1952,20860941,20862893
Ethiopia,1957,22815614,22817571
Ethiopia,1962,25145372,25147334
Ethiopia,1967,27860297,27862264
Ethiopia,1972,30770372,30772344
Ethiopia,1977,34617799,34619776
Ethiopia,1982,38111756,38113738
Ethiopia,1987,42999530,43001517
Ethiopia,1992,52088559,52090551
Ethiopia,1997,59861301,59863298
Ethiopia,2002,67946797,67948799
Ethiopia,2007,76511887,76513894
Finland,1952,4090500,4092452
Finland,1957,4324000,4325957
Finland,1962,4491443,4493405
Finland,1967,4605744,4607711
Finland,1972,4639657,4641629
Finland,1977,4738902,4740879
Finland,1982,4826933,4828915
Finland,1987,4931729,4933716
Finland,1992,5041039,5043031
Finland,1997,5134406,5136403
Finland,2002,5193039,5195041
Finland,2007,5238460,5240467
France,1952,42459667,42461619
France,1957,44310863,44312820
France,1962,47124000,47125962
France,1967,49569000,49570967
France,1972,51732000,51733972
France,1977,53165019,53166996
France,1982,54433565,54435547
France,1987,55630100,55632087
France,1992,57374179,57376171
France,1997,58623428,58625425
France,2002,59925035,59927037
France,2007,61083916,61085923
Gabon,1952,420702,422654
Gabon,1957,434904,436861
Gabon,1962,455661,457623
Gabon,1967,489004,490971
Gabon,1972,537977,539949
Gabon,1977,706367,708344
Gabon,1982,753874,755856
Gabon,1987,880397,882384
Gabon,1992,985739,987731
Gabon,1997,1126189,1128186
Gabon,2002,1299304,1301306
Gabon,2007,1454867,1456874
Gambia,1952,284320,286272
Gambia,1957,323150,325107
Gambia,1962,374020,375982
Gambia,1967,439593,441560
Gambia,1972,517101,519073
Gambia,1977,608274,610251
Gambia,1982,715523,717505
Gambia,1987,848406,850393
Gambia,1992,1025384,1027376
Gambia,1997,1235767,1237764
Gambia,2002,1457766,1459768
Gambia,2007,1688359,1690366
Germany,1952,69145952,69147904
Germany,1957,71019069,71021026
Germany,1962,73739117,73741079
Germany,1967,76368453,76370420
Germany,1972,78717088,78719060
Germany,1977,78160773,78162750
Germany,1982,78335266,78337248
Germany,1987,77718298,77720285
Germany,1992,80597764,80599756
Germany,1997,82011073,82013070
Germany,2002,82350671,82352673
Germany,2007,82400996,82403003
Ghana,1952,5581001,5582953
Ghana,1957,6391288,6393245
Ghana,1962,7355248,7357210
Ghana,1967,8490213,8492180
Ghana,1972,9354120,9356092
Ghana,1977,10538093,10540070
Ghana,1982,11400338,11402320
Ghana,1987,14168101,14170088
Ghana,1992,16278738,16280730
Ghana,1997,18418288,18420285
Ghana,2002,20550751,20552753
Ghana,2007,22873338,22875345
Greece,1952,7733250,7735202
Greece,1957,8096218,8098175
Greece,1962,8448233,8450195
Greece,1967,8716441,8718408
Greece,1972,8888628,8890600
Greece,1977,9308479,9310456
Greece,1982,9786480,9788462
Greece,1987,9974490,9976477
Greece,1992,10325429,10327421
Greece,1997,10502372,10504369
Greece,2002,10603863,10605865
Greece,2007,10706290,10708297
Guatemala,1952,3146381,3148333
Guatemala,1957,3640876,3642833
Guatemala,1962,4208858,4210820
Guatemala,1967,4690773,4692740
Guatemala,1972,5149581,5151553
Guatemala,1977,5703430,5705407
Guatemala,1982,6395630,6397612
Guatemala,1987,7326406,7328393
Guatemala,1992,8486949,8488941
Guatemala,1997,9803875,9805872
Guatemala,2002,11178650,11180652
Guatemala,2007,12572928,12574935
Guinea,1952,2664249,2666201
Guinea,1957,2876726,2878683
Guinea,1962,3140003,3141965
Guinea,1967,3451418,3453385
Guinea,1972,3811387,3813359
Guinea,1977,4227026,4229003
Guinea,1982,4710497,4712479
Guinea,1987,5650262,5652249
Guinea,1992,6990574,6992566
Guinea,1997,8048834,8050831
Guinea,2002,8807818,8809820
Guinea,2007,9947814,9949821
Guinea-Bissau,1952,580653,582605
Guinea-Bissau,1957,601095,603052
Guinea-Bissau,1962,627820,629782
Guinea-Bissau,1967,601287,603254
Guinea-Bissau,1972,625361,627333
Guinea-Bissau,1977,745228,747205
Guinea-Bissau,1982,825987,827969
Guinea-Bissau,1987,927524,929511
Guinea-Bissau,1992,1050938,1052930
Guinea-Bissau,1997,1193708,1195705
Guinea-Bissau,2002,1332459,1334461
Guinea-Bissau,2007,1472041,1474048
Haiti,1952,3201488,3203440
Haiti,1957,3507701,3509658
Haiti,1962,3880130,3882092
Haiti,1967,4318137,4320104
Haiti,1972,4698301,4700273
Haiti,1977,4908554,4910531
Haiti,1982,5198399,5200381
Haiti,1987,5756203,5758190
Haiti,1992,6326682,6328674
Haiti,1997,6913545,6915542
Haiti,2002,7607651,7609653
Haiti,2007,8502814,8504821
Honduras,1952,1517453,1519405
Honduras,1957,1770390,1772347
Honduras,1962,2090162,2092124
Honduras,1967,2500689,2502656
Honduras,1972,2965146,2967118
Honduras,1977,3055235,3057212
Honduras,1982,3669448,3671430
Honduras,1987,4372203,4374190
Honduras,1992,5077347,5079339
Honduras,1997,5867957,5869954
Honduras,2002,6677328,6679330
Honduras,2007,7483763,7485770
"Hong Kong, China",1952,2125900,2127852
"Hong Kong, China",1957,2736300,2738257
"Hong Kong, China",1962,3305200,3307162
"Hong Kong, China",1967,3722800,3724767
"Hong Kong, China",1972,4115700,4117672
"Hong Kong, China",1977,4583700,4585677
"Hong Kong, China",1982,5264500,5266482
"Hong Kong, China",1987,5584510,5586497
"Hong Kong, China",1992,5829696,5831688
"Hong Kong, China",1997,6495918,6497915
"Hong Kong, China",2002,6762476,6764478
"Hong Kong, China",2007,6980412,6982419
Hungary,1952,9504000,9505952
Hungary,1957,9839000,9840957
Hungary,1962,10063000,10064962
Hungary,1967,10223422,10225389
Hungary,1972,10394091,10396063
Hungary,1977,10637171,10639148
Hungary,1982,10705535,10707517
Hungary,1987,10612740,10614727
Hungary,1992,10348684,10350676
Hungary,1997,10244684,10246681
Hungary,2002,10083313,10085315
Hungary,2007,9956108,9958115
Iceland,1952,147962,149914
Iceland,1957,165110,167067
Iceland,1962,182053,184015
Iceland,1967,198676,200643
Iceland,1972,209275,211247
Iceland,1977,221823,223800
Iceland,1982,233997,235979
Iceland,1987,244676,246663
Iceland,1992,259012,261004
Iceland,1997,271192,273189
Iceland,2002,288030,290032
Iceland,2007,301931,303938
India,1952,372000000,372001952
India,1957,409000000,409001957
India,1962,454000000,454001962
India,1967,506000000,506001967
India,1972,567000000,567001972
India,1977,634000000,634001977
India,1982,708000000,708001982
India,1987,788000000,788001987
India,1992,872000000,872001992
India,1997,959000000,959001997
India,2002,1034172547,1034174549
India,2007,1110396331,1110398338
Indonesia,1952,82052000,82053952
Indonesia,1957,90124000,90125957
Indonesia,1962,99028000,99029962
Indonesia,1967,109343000,109344967
Indonesia,1972,121282000,121283972
Indonesia,1977,136725000,136726977
Indonesia,1982,153343000,153344982
Indonesia,1987,169276000,169277987
Indonesia,1992,184816000,184817992
Indonesia,1997,199278000,199279997
Indonesia,2002,211060000,211062002
Indonesia,2007,223547000,223549007
Iran,1952,17272000,17273952
Iran,1957,19792000,19793957
Iran,1962,22874000,22875962
Iran,1967,26538000,26539967
Iran,1972,30614000,30615972
Iran,1977,35480679,35482656
Iran,1982,43072751,43074733
Iran,1987,51889696,51891683
Iran,1992,60397973,60399965
Iran,1997,63327987,63329984
Iran,2002,66907826,66909828
Iran,2007,69453570,69455577
Iraq,1952,5441766,5443718
Iraq,1957,6248643,6250600
Iraq,1962,7240260,7242222
Iraq,1967,8519282,8521249
Iraq,1972,10061506,10063478
Iraq,1977,11882916,11884893
Iraq,1982,14173318,14175300
Iraq,1987,16543189,16545176
Iraq,1992,17861905,17863897
Iraq,1997,20775703,20777700
Iraq,2002,24001816,24003818
Iraq,2007,27499638,27501645
Ireland,1952,2952156,2954108
Ireland,1957,2878220,2880177
Ireland,1962,2830000,2831962
Ireland,1967,2900100,2902067
Ireland,1972,3024400,3026372
Ireland,1977,3271900,3273877
Ireland,1982,3480000,3481982
Ireland,1987,3539900,3541887
Ireland,1992,3557761,3559753
Ireland,1997,3667233,3669230
Ireland,2002,3879155,3881157
Ireland,2007,4109086,4111093
Israel,1952,1620914,1622866
Israel,1957,1944401,1946358
Israel,1962,2310904,2312866
Israel,1967,2693585,2695552
Israel,1972,3095893,3097865
Israel,1977,3495918,3497895
Israel,1982,3858421,3860403
Israel,1987,4203148,4205135
Israel,1992,4936550,4938542
Israel,1997,5531387,5533384
Israel,2002,6029529,6031531
Israel,2007,6426679,6428686
Italy,1952,47666000,47667952
Italy,1957,49182000,49183957
Italy,1962,50843200,50845162
Italy,1967,52667100,52669067
Italy,1972,54365564,54367536
Italy,1977,56059245,56061222
Italy,1982,56535636,56537618
Italy,1987,56729703,56731690
Italy,1992,56840847,56842839
Italy,1997,57479469,57481466
Italy,2002,57926999,57929001
Italy,2007,58147733,58149740
Jamaica,1952,1426095,1428047
Jamaica,1957,1535090,1537047
Jamaica,1962,1665128,1667090
Jamaica,1967,1861096,1863063
Jamaica,1972,1997616,1999588
Jamaica,1977,2156814,2158791
Jamaica,1982,2298309,2300291
Jamaica,1987,2326606,2328593
Jamaica,1992,2378618,2380610
Jamaica,1997,2531311,2533308
Jamaica,2002,2664659,2666661
Jamaica,2007,2780132,2782139
Japan,1952,86459025,86460977
Japan,1957,91563009,91564966
Japan,1962,95831757,95833719
Japan,1967,100825279,100827246
Japan,1972,107188273,107190245
Japan,1977,113872473,113874450
Japan,1982,118454974,118456956
Japan,1987,122091325,122093312
Japan,1992,124329269,124331261
Japan,1997,125956499,125958496
Japan,2002,127065841,127067843
Japan,2007,127467972,127469979
Jordan,1952,607914,609866
Jordan,1957,746559,748516
Jordan,1962,933559,935521
Jordan,1967,1255058,1257025
Jordan,1972,1613551,1615523
Jordan,1977,1937652,1939629
Jordan,1982,2347031,2349013
Jordan,1987,2820042,2822029
Jordan,1992,3867409,3869401
Jordan,1997,4526235,4528232
Jordan,2002,5307470,5309472
Jordan,2007,6053193,6055200
Kenya,1952,6464046,6465998
Kenya,1957,7454779,7456736
Kenya,1962,8678557,8680519
Kenya,1967,10191512,10193479
Kenya,1972,12044785,12046757
Kenya,1977,14500404,14502381
Kenya,1982,17661452,17663434
Kenya,1987,21198082,21200069
Kenya,1992,25020539,25022531
Kenya,1997,28263827,28265824
Kenya,2002,31386842,31388844
Kenya,2007,35610177,35612184
"Korea, Dem. Rep.",1952,8865488,8867440
"Korea, Dem. Rep.",1957,9411381,9413338
"Korea, Dem. Rep.",1962,10917494,10919456
"Korea, Dem. Rep.",1967,12617009,12618976
"Korea, Dem. Rep.",1972,14781241,14783213
"Korea, Dem. Rep.",1977,16325320,16327297
"Korea, Dem. Rep.",1982,17647518,17649500
"Korea, Dem. Rep.",1987,19067554,19069541
"Korea, Dem. Rep.",1992,20711375,20713367
"Korea, Dem. Rep.",1997,21585105,21587102
"Korea, Dem. Rep.",2002,22215365,22217367
"Korea, Dem. Rep.",2007,23301725,23303732
"Korea, Rep.",1952,20947571,20949523
"Korea, Rep.",1957,22611552,22613509
"Korea, Rep.",1962,26420307,26422269
"Korea, Rep.",1967,30131000,30132967
"Korea, Rep.",1972,33505000,33506972
"Korea, Rep.",1977,36436000,36437977
"Korea, Rep.",1982,39326000,39327982
"Korea, Rep.",1987,41622000,41623987
"Korea, Rep.",1992,43805450,43807442
"Korea, Rep.",1997,46173816,46175813
"Korea, Rep.",2002,47969150,47971152
"Korea, Rep.",2007,49044790,49046797
Kuwait,1952,160000,161952
Kuwait,1957,212846,214803
Kuwait,1962,358266,360228
Kuwait,1967,575003,576970
Kuwait,1972,841934,843906
Kuwait,1977,1140357,1142334
Kuwait,1982,1497494,1499476
Kuwait,1987,1891487,1893474
Kuwait,1992,1418095,1420087
Kuwait,1997,1765345,1767342
Kuwait,2002,2111561,2113563
Kuwait,2007,2505559,2507566
Lebanon,1952,1439529,1441481
Lebanon,1957,1647412,1649369
Lebanon,1962,1886848,1888810
Lebanon,1967,2186894,2188861
Lebanon,1972,2680018,2681990
Lebanon,1977,3115787,3117764
Lebanon,1982,3086876,3088858
Lebanon,1987,3089353,3091340
Lebanon,1992,3219994,3221986
Lebanon,1997,3430388,3432385
Lebanon,2002,3677780,3679782
Lebanon,2007,3921278,3923285
Lesotho,1952,748747,750699
Lesotho,1957,813338,815295
Lesotho,1962,893143,895105
Lesotho,1967,996380,998347
Lesotho,1972,1116779,1118751
Lesotho,1977,1251524,1253501
Lesotho,1982,1411807,1413789
Lesotho,1987,1599200,1601187
Lesotho,1992,1803195,1805187
Lesotho,1997,1982823,1984820
Lesotho,2002,2046772,2048774
Lesotho,2007,2012649,2014656
Liberia,1952,863308,865260
Liberia,1957,975950,977907
Liberia,1962,1112796,1114758
Liberia,1967,1279406,1281373
Liberia,1972,1482628,1484600
Liberia,1977,1703617,1705594
Liberia,1982,1956875,1958857
Liberia,1987,2269414,2271401
Liberia,1992,1912974,1914966
Liberia,1997,2200725,2202722
Liberia,2002,2814651,2816653
Liberia,2007,3193942,3195949
Libya,1952,1019729,1021681
Libya,1957,1201578,1203535
Libya,1962,1441863,1443825
Libya,1967,1759224,1761191
Libya,1972,2183877,2185849
Libya,1977,2721783,2723760
Libya,1982,3344074,3346056
Libya,1987,3799845,3801832
Libya,1992,4364501,4366493
Libya,1997,4759670,4761667
Libya,2002,5368585,5370587
Libya,2007,6036914,6038921
Madagascar,1952,4762912,4764864
Madagascar,1957,5181679,5183636
Madagascar,1962,5703324,5705286
Madagascar,1967,6334556,6336523
Madagascar,1972,7082430,7084402
Madagascar,1977,8007166,8009143
Madagascar,1982,9171477,9173459
Madagascar,1987,10568642,10570629
Madagascar,1992,12210395,12212387
Madagascar,1997,14165114,14167111
Madagascar,2002,16473477,16475479
Madagascar,2007,19167654,19169661
Malawi,1952,2917802,2919754
Malawi,1957,3221238,3223195
Malawi,1962,3628608,3630570
Malawi,1967,4147252,4149219
Malawi,1972,4730997,4732969
Malawi,1977,5637246,5639223
Malawi,1982,6502825,6504807
Malawi,1987,7824747,7826734
Malawi,1992,10014249,10016241
Malawi,1997,10419991,10421988
Malawi,2002,11824495,11826497
Malawi,2007,13327079,13329086
Malaysia,1952,6748378,6750330
Malaysia,1957,7739235,7741192
Malaysia,1962,8906385,8908347
Malaysia,1967,10154878,10156845
Malaysia,1972,11441462,11443434
Malaysia,1977,12845381,12847358
Malaysia,1982,14441916,14443898
Malaysia,1987,16331785,16333772
Malaysia,1992,18319502,18321494
Malaysia,1997,20476091,20478088
Malaysia,2002,22662365,22664367
Malaysia,2007,24821286,24823293
Mali,1952,3838168,3840120
Mali,1957,4241884,4243841
Mali,1962,4690372,4692334
Mali,1967,5212416,5214383
Mali,1972,5828158,5830130
Mali,1977,6491649,6493626
Mali,1982,6998256,7000238
Mali,1987,7634008,7635995
Mali,1992,8416215,8418207
Mali,1997,9384984,9386981
Mali,2002,10580176,10582178
Mali,2007,12031795,12033802
Mauritania,1952,1022556,1024508
Mauritania,1957,1076852,1078809
Mauritania,1962,1146757,1148719
Mauritania,1967,1230542,1232509
Mauritania,1972,1332786,1334758
Mauritania,1977,1456688,1458665
Mauritania,1982,1622136,1624118
Mauritania,1987,1841240,1843227
Mauritania,1992,2119465,2121457
Mauritania,1997,2444741,2446738
Mauritania,2002,2828858,2830860
Mauritania,2007,3270065,3272072
Mauritius,1952,516556,518508
Mauritius,1957,609816,611773
Mauritius,1962,701016,702978
Mauritius,1967,789309,791276
Mauritius,1972,851334,853306
Mauritius,1977,913025,915002
Mauritius,1982,992040,994022
Mauritius,1987,1042663,1044650
Mauritius,1992,1096202,1098194
Mauritius,1997,1149818,1151815
Mauritius,2002,1200206,1202208
Mauritius,2007,1250882,1252889
Mexico,1952,30144317,30146269
Mexico,1957,35015548,35017505
Mexico,1962,41121485,41123447
Mexico,1967,47995559,47997526
Mexico,1972,55984294,55986266
Mexico,1977,63759976,63761953
Mexico,1982,71640904,71642886
Mexico,1987,80122492,80124479
Mexico,1992,88111030,88113022
Mexico,1997,95895146,95897143
Mexico,2002,102479927,102481929
Mexico,2007,108700891,108702898
Mongolia,1952,800663,802615
Mongolia,1957,882134,884091
Mongolia,1962,1010280,1012242
Mongolia,1967,1149500,1151467
Mongolia,1972,1320500,1322472
Mongolia,1977,1528000,1529977
Mongolia,1982,1756032,1758014
Mongolia,1987,2015133,2017120
Mongolia,1992,2312802,2314794
Mongolia,1997,2494803,2496800
Mongolia,2002,2674234,2676236
Mongolia,2007,2874127,2876134
Montenegro,1952,413834,415786
Montenegro,1957,442829,444786
Montenegro,1962,474528,476490
Montenegro,1967,501035,503002
Montenegro,1972,527678,529650
Montenegro,1977,560073,562050
Montenegro,1982,562548,564530
Montenegro,1987,569473,571460
Montenegro,1992,621621,623613
Montenegro,1997,692651,694648
Montenegro,2002,720230,722232
Montenegro,2007,684736,686743
Morocco,1952,9939217,9941169
Morocco,1957,11406350,11408307
Morocco,1962,13056604,13058566
Morocco,1967,14770296,14772263
Morocco,1972,16660670,16662642
Morocco,1977,18396941,18398918
Morocco,1982,20198730,20200712
Morocco,1987,22987397,22989384
Morocco,1992,25798239,25800231
Morocco,1997,28529501,28531498
Morocco,2002,31167783,31169785
Morocco,2007,33757175,33759182
Mozambique,1952,6446316,6448268
Mozambique,1957,7038035,7039992
Mozambique,1962,7788944,7790906
Mozambique,1967,8680909,8682876
Mozambique,1972,9809596,9811568
Mozambique,1977,11127868,11129845
Mozambique,1982,12587223,12589205
Mozambique,1987,12891952,12893939
Mozambique,1992,13160731,13162723
Mozambique,1997,16603334,16605331
Mozambique,2002,18473780,18475782
Mozambique,2007,19951656,19953663
Myanmar,1952,20092996,20094948
Myanmar,1957,21731844,21733801
Myanmar,1962,23634436,23636398
Myanmar,1967,25870271,25872238
Myanmar,1972,28466390,28468362
Myanmar,1977,31528087,31530064
Myanmar,1982,34680442,34682424
Myanmar,1987,38028578,38030565
Myanmar,1992,40546538,40548530
Myanmar,1997,43247867,43249864
Myanmar,2002,45598081,45600083
Myanmar,2007,47761980,47763987
Namibia,1952,485831,487783
Namibia,1957,548080,550037
Namibia,1962,621392,623354
Namibia,1967,706640,708607
Namibia,1972,821782,823754
Namibia,1977,977026,979003
Namibia,1982,1099010,1100992
Namibia,1987,1278184,1280171
Namibia,1992,1554253,1556245
Namibia,1997,1774766,1776763
Namibia,2002,1972153,1974155
Namibia,2007,2055080,2057087
Nepal,1952,9182536,9184488
Nepal,1957,9682338,9684295
Nepal,1962,10332057,10334019
Nepal,1967,11261690,11263657
Nepal,1972,12412593,12414565
Nepal,1977,13933198,13935175
Nepal,1982,15796314,15798296
Nepal,1987,17917180,17919167
Nepal,1992,20326209,20328201
Nepal,1997,23001113,23003110
Nepal,2002,25873917,25875919
Nepal,2007,28901790,28903797
Netherlands,1952,10381988,10383940
Netherlands,1957,11026383,11028340
Netherlands,1962,11805689,11807651
Netherlands,1967,12596822,12598789
Netherlands,1972,13329874,13331846
Netherlands,1977,13852989,13854966
Netherlands,1982,14310401,14312383
Netherlands,1987,14665278,14667265
Netherlands,1992,15174244,15176236
Netherlands,1997,15604464,15606461
Netherlands,2002,16122830,16124832
Netherlands,2007,16570613,16572620
New Zealand,1952,1994794,1996746
New Zealand,1957,2229407,2231364
New Zealand,1962,2488550,2490512
New Zealand,1967,2728150,2730117
New Zealand,1972,2929100,2931072
New Zealand,1977,3164900,3166877
New Zealand,1982,3210650,3212632
New Zealand,1987,3317166,3319153
New Zealand,1992,3437674,3439666
New Zealand,1997,3676187,3678184
New Zealand,2002,3908037,3910039
New Zealand,2007,4115771,4117778
Nicaragua,1952,1165790,1167742
Nicaragua,1957,1358828,1360785
Nicaragua,1962,1590597,1592559
Nicaragua,1967,1865490,1867457
Nicaragua,1972,2182908,2184880
Nicaragua,1977,2554598,2556575
Nicaragua,1982,2979423,2981405
Nicaragua,1987,3344353,3346340
Nicaragua,1992,4017939,4019931
Nicaragua,1997,4609572,4611569
Nicaragua,2002,5146848,5148850
Nicaragua,2007,5675356,5677363
Niger,1952,3379468,3381420
Niger,1957,3692184,3694141
Niger,1962,4076008,4077970
Niger,1967,4534062,4536029
Niger,1972,5060262,5062234
Niger,1977,5682086,5684063
Niger,1982,6437188,6439170
Niger,1987,7332638,7334625
Niger,1992,8392818,8394810
Niger,1997,9666252,9668249
Niger,2002,11140655,11142657
Niger,2007,12894865,12896872
Nigeria,1952,33119096,33121048
Nigeria,1957,37173340,37175297
Nigeria,1962,41871351,41873313
Nigeria,1967,47287752,47289719
Nigeria,1972,53740085,53742057
Nigeria,1977,62209173,62211150
Nigeria,1982,73039376,73041358
Nigeria,1987,81551520,81553507
Nigeria,1992,93364244,93366236
Nigeria,1997,106207839,106209836
Nigeria,2002,119901274,119903276
Nigeria,2007,135031164,135033171
Norway,1952,3327728,3329680
Norway,1957,3491938,3493895
Norway,1962,3638919,3640881
Norway,1967,3786019,3787986
Norway,1972,3933004,3934976
Norway,1977,4043205,4045182
Norway,1982,4114787,4116769
Norway,1987,4186147,4188134
Norway,1992,4286357,4288349
Norway,1997,4405672,4407669
Norway,2002,4535591,4537593
Norway,2007,4627926,4629933
Oman,1952,507833,509785
Oman,1957,561977,563934
Oman,1962,628164,630126
Oman,1967,714775,716742
Oman,1972,829050,831022
Oman,1977,1004533,1006510
Oman,1982,1301048,1303030
Oman,1987,1593882,1595869
Oman,1992,1915208,1917200
Oman,1997,2283635,2285632
Oman,2002,2713462,2715464
Oman,2007,3204897,3206904
Pakistan,1952,41346560,41348512
Pakistan,1957,46679944,46681901
Pakistan,1962,53100671,53102633
Pakistan,1967,60641899,60643866
Pakistan,1972,69325921,69327893
Pakistan,1977,78152686,78154663
Pakistan,1982,91462088,91464070
Pakistan,1987,105186881,105188868
Pakistan,1992,120065004,120066996
Pakistan,1997,135564834,135566831
Pakistan,2002,153403524,153405526
Pakistan,2007,169270617,169272624
Panama,1952,940080,942032
Panama,1957,1063506,1065463
Panama,1962,1215725,1217687
Panama,1967,1405486,1407453
Panama,1972,1616384,1618356
Panama,1977,1839782,1841759
Panama,1982,2036305,2038287
Panama,1987,2253639,2255626
Panama,1992,2484997,2486989
Panama,1997,2734531,2736528
Panama,2002,2990875,2992877
Panama,2007,3242173,3244180
Paraguay,1952,1555876,1557828
Paraguay,1957,1770902,1772859
Paraguay,1962,2009813,2011775
Paraguay,1967,2287985,2289952
Paraguay,1972,2614104,2616076
Paraguay,1977,2984494,2986471
Paraguay,1982,3366439,3368421
Paraguay,1987,3886512,3888499
Paraguay,1992,4483945,4485937
Paraguay,1997,5154123,5156120
Paraguay,2002,5884491,5886493
Paraguay,2007,6667147,6669154
Peru,1952,8025700,8027652
Peru,1957,9146100,9148057
Peru,1962,10516500,10518462
Peru,1967,12132200,12134167
Peru,1972,13954700,13956672
Peru,1977,15990099,15992076
Peru,1982,18125129,18127111
Peru,1987,20195924,20197911
Peru,1992,22430449,22432441
Peru,1997,24748122,24750119
Peru,2002,26769436,26771438
Peru,2007,28674757,28676764
Philippines,1952,22438691,22440643
Philippines,1957,26072194,26074151
Philippines,1962,30325264,30327226
Philippines,1967,35356600,35358567
Philippines,1972,40850141,40852113
Philippines,1977,46850962,46852939
Philippines,1982,53456774,53458756
Philippines,1987,60017788,60019775
Philippines,1992,67185766,67187758
Philippines,1997,75012988,75014985
Philippines,2002,82995088,82997090
Philippines,2007,91077287,91079294
Poland,1952,25730551,25732503
Poland,1957,28235346,28237303
Poland,1962,30329617,30331579
Poland,1967,31785378,31787345
Poland,1972,33039545,33041517
Poland,1977,34621254,34623231
Poland,1982,36227381,36229363
Poland,1987,37740710,37742697
Poland,1992,38370697,38372689
Poland,1997,38654957,38656954
Poland,2002,38625976,38627978
Poland,2007,38518241,38520248
Portugal,1952,8526050,8528002
Portugal,1957,8817650,8819607
Portugal,1962,9019800,9021762
Portugal,1967,9103000,9104967
Portugal,1972,8970450,8972422
Portugal,1977,9662600,9664577
Portugal,1982,9859650,9861632
Portugal,1987,9915289,9917276
Portugal,1992,9927680,9929672
Portugal,1997,10156415,10158412
Portugal,2002,10433867,10435869
Portugal,2007,10642836,10644843
Puerto Rico,1952,2227000,2228952
Puerto Rico,1957,2260000,2261957
Puerto Rico,1962,2448046,2450008
Puerto Rico,1967,2648961,2650928
Puerto Rico,1972,2847132,2849104
Puerto Rico,1977,3080828,3082805
Puerto Rico,1982,3279001,3280983
Puerto Rico,1987,3444468,3446455
Puerto Rico,1992,3585176,3587168
Puerto Rico,1997,3759430,3761427
Puerto Rico,2002,3859606,3861608
Puerto Rico,2007,3942491,3944498
Reunion,1952,257700,259652
Reunion,1957,308700,310657
Reunion,1962,358900,360862
Reunion,1967,414024,415991
Reunion,1972,461633,463605
Reunion,1977,492095,494072
Reunion,1982,517810,519792
Reunion,1987,562035,564022
Reunion,1992,622191,624183
Reunion,1997,684810,686807
Reunion,2002,743981,745983
Reunion,2007,798094,800101
Romania,1952,16630000,16631952
Romania,1957,17829327,17831284
Romania,1962,18680721,18682683
Romania,1967,19284814,19286781
Romania,1972,20662648,20664620
Romania,1977,21658597,21660574
Romania,1982,22356726,22358708
Romania,1987,22686371,22688358
Romania,1992,22797027,22799019
Romania,1997,22562458,22564455
Romania,2002,22404337,22406339
Romania,2007,22276056,22278063
Rwanda,1952,2534927,2536879
Rwanda,1957,2822082,2824039
Rwanda,1962,3051242,3053204
Rwanda,1967,3451079,3453046
Rwanda,1972,3992121,3994093
Rwanda,1977,4657072,4659049
Rwanda,1982,5507565,5509547
Rwanda,1987,6349365,6351352
Rwanda,1992,7290203,7292195
Rwanda,1997,7212583,7214580
Rwanda,2002,7852401,7854403
Rwanda,2007,8860588,8862595
Sao Tome and Principe,1952,60011,61963
Sao Tome and Principe,1957,61325,63282
Sao Tome and Principe,1962,65345,67307
Sao Tome and Principe,1967,70787,72754
Sao Tome and Principe,1972,76595,78567
Sao Tome and Principe,1977,86796,88773
Sao Tome and Principe,1982,98593,100575
Sao Tome and Principe,1987,110812,112799
Sao Tome and Principe,1992,125911,127903
Sao Tome and Principe,1997,145608,147605
Sao Tome and Principe,2002,170372,172374
Sao Tome and Principe,2007,199579,201586
Saudi Arabia,1952,4005677,4007629
Saudi Arabia,1957,4419650,4421607
Saudi Arabia,1962,4943029,4944991
Saudi Arabia,1967,5618198,5620165
Saudi Arabia,1972,6472756,6474728
Saudi Arabia,1977,8128505,8130482
Saudi Arabia,1982,11254672,11256654
Saudi Arabia,1987,14619745,14621732
Saudi Arabia,1992,16945857,16947849
Saudi Arabia,1997,21229759,21231756
Saudi Arabia,2002,24501530,24503532
Saudi Arabia,2007,27601038,27603045
Senegal,1952,2755589,2757541
Senegal,1957,3054547,3056504
Senegal,1962,3430243,3432205
Senegal,1967,3965841,3967808
Senegal,1972,4588696,4590668
Senegal,1977,5260855,5262832
Senegal,1982,6147783,6149765
Senegal,1987,7171347,7173334
Senegal,1992,8307920,8309912
Senegal,1997,9535314,9537311
Senegal,2002,10870037,10872039
Senegal,2007,12267493,12269500
Serbia,1952,6860147,6862099
Serbia,1957,7271135,7273092
Serbia,1962,7616060,7618022
Serbia,1967,7971222,7973189
Serbia,1972,8313288,8315260
Serbia,1977,8686367,8688344
Serbia,1982,9032824,9034806
Serbia,1987,9230783,9232770
Serbia,1992,9826397,9828389
Serbia,1997,10336594,10338591
Serbia,2002,10111559,10113561
Serbia,2007,10150265,10152272
Sierra Leone,1952,2143249,2145201
Sierra Leone,1957,2295678,2297635
Sierra Leone,1962,2467895,2469857
Sierra Leone,1967,2662190,2664157
Sierra Leone,1972,2879013,2880985
Sierra Leone,1977,3140897,3142874
Sierra Leone,1982,3464522,3466504
Sierra Leone,1987,3868905,3870892
Sierra Leone,1992,4260884,4262876
Sierra Leone,1997,4578212,4580209
Sierra Leone,2002,5359092,5361094
Sierra Leone,2007,6144562,6146569
Singapore,1952,1127000,1128952
Singapore,1957,1445929,1447886
Singapore,1962,1750200,1752162
Singapore,1967,1977600,1979567
Singapore,1972,2152400,2154372
Singapore,1977,2325300,2327277
Singapore,1982,2651869,2653851
Singapore,1987,2794552,2796539
Singapore,1992,3235865,3237857
Singapore,1997,3802309,3804306
Singapore,2002,4197776,4199778
Singapore,2007,4553009,4555016
Slovak Republic,1952,3558137,3560089
Slovak Republic,1957,3844277,3846234
Slovak Republic,1962,4237384,4239346
Slovak Republic,1967,4442238,4444205
Slovak Republic,1972,4593433,4595405
Slovak Republic,1977,4827803,4829780
Slovak Republic,1982,5048043,5050025
Slovak Republic,1987,5199318,5201305
Slovak Republic,1992,5302888,5304880
Slovak Republic,1997,5383010,5385007
Slovak Republic,2002,5410052,5412054
Slovak Republic,2007,5447502,5449509
Slovenia,1952,1489518,1491470
Slovenia,1957,1533070,1535027
Slovenia,1962,1582962,1584924
Slovenia,1967,1646912,1648879
Slovenia,1972,1694510,1696482
Slovenia,1977,1746919,1748896
Slovenia,1982,1861252,1863234
Slovenia,1987,1945870,1947857
Slovenia,1992,1999210,2001202
Slovenia,1997,2011612,2013609
Slovenia,2002,2011497,2013499
Slovenia,2007,2009245,2011252
Somalia,1952,2526994,2528946
Somalia,1957,2780415,2782372
Somalia,1962,3080153,3082115
Somalia,1967,3428839,3430806
Somalia,1972,3840161,3842133
Somalia,1977,4353666,4355643
Somalia,1982,5828892,5830874
Somalia,1987,6921858,6923845
Somalia,1992,6099799,6101791
Somalia,1997,6633514,6635511
Somalia,2002,7753310,7755312
Somalia,2007,9118773,9120780
South Africa,1952,14264935,14266887
South Africa,1957,16151549,16153506
South Africa,1962,18356657,18358619
South Africa,1967,20997321,20999288
South Africa,1972,23935810,23937782
South Africa,1977,27129932,27131909
South Africa,1982,31140029,31142011
South Africa,1987,35933379,35935366
South Africa,1992,39964159,39966151
South Africa,1997,42835005,42837002
South Africa,2002,44433622,44435624
South Africa,2007,43997828,43999835
Spain,1952,28549870,28551822
Spain,1957,29841614,29843571
Spain,1962,31158061,31160023
Spain,1967,32850275,32852242
Spain,1972,34513161,34515133
Spain,1977,36439000,36440977
Spain,1982,37983310,37985292
Spain,1987,38880702,38882689
Spain,1992,39549438,39551430
Spain,1997,39855442,39857439
Spain,2002,40152517,40154519
Spain,2007,40448191,40450198
Sri Lanka,1952,7982342,7984294
Sri Lanka,1957,9128546,9130503
Sri Lanka,1962,10421936,10423898
Sri Lanka,1967,11737396,11739363
Sri Lanka,1972,13016733,13018705
Sri Lanka,1977,14116836,14118813
Sri Lanka,1982,15410151,15412133
Sri Lanka,1987,16495304,16497291
Sri Lanka,1992,17587060,17589052
Sri Lanka,1997,18698655,18700652
Sri Lanka,2002,19576783,19578785
Sri Lanka,2007,20378239,20380246
Sudan,1952,8504667,8506619
Sudan,1957,9753392,9755349
Sudan,1962,11183227,11185189
Sudan,1967,12716129,12718096
Sudan,1972,14597019,14598991
Sudan,1977,17104986,17106963
Sudan,1982,20367053,20369035
Sudan,1987,24725960,24727947
Sudan,1992,28227588,28229580
Sudan,1997,32160729,32162726
Sudan,2002,37090298,37092300
Sudan,2007,42292929,42294936
Swaziland,1952,290243,292195
Swaziland,1957,326741,328698
Swaziland,1962,370006,371968
Swaziland,1967,420690,422657
Swaziland,1972,480105,482077
Swaziland,1977,551425,553402
Swaziland,1982,649901,651883
Swaziland,1987,779348,781335
Swaziland,1992,962344,964336
Swaziland,1997,1054486,1056483
Swaziland,2002,1130269,1132271
Swaziland,2007,1133066,1135073
Sweden,1952,7124673,7126625
Sweden,1957,7363802,7365759
Sweden,1962,7561588,7563550
Sweden,1967,7867931,7869898
Sweden,1972,8122293,8124265
Sweden,1977,8251648,8253625
Sweden,1982,8325260,8327242
Sweden,1987,8421403,8423390
Sweden,1992,8718867,8720859
Sweden,1997,8897619,8899616
Sweden,2002,8954175,8956177
Sweden,2007,9031088,9033095
Switzerland,1952,4815000,4816952
Switzerland,1957,5126000,5127957
Switzerland,1962,5666000,5667962
Switzerland,1967,6063000,6064967
Switzerland,1972,6401400,6403372
Switzerland,1977,6316424,6318401
Switzerland,1982,6468126,6470108
Switzerland,1987,6649942,6651929
Switzerland,1992,6995447,6997439
Switzerland,1997,7193761,7195758
Switzerland,2002,7361757,7363759
Switzerland,2007,7554661,7556668
Syria,1952,3661549,3663501
Syria,1957,4149908,4151865
Syria,1962,4834621,4836583
Syria,1967,5680812,5682779
Syria,1972,6701172,6703144
Syria,1977,7932503,7934480
Syria,1982,9410494,9412476
Syria,1987,11242847,11244834
Syria,1992,13219062,13221054
Syria,1997,15081016,15083013
Syria,2002,17155814,17157816
Syria,2007,19314747,19316754
Taiwan,1952,8550362,8552314
Taiwan,1957,10164215,10166172
Taiwan,1962,11918938,11920900
Taiwan,1967,13648692,13650659
Taiwan,1972,15226039,15228011
Taiwan,1977,16785196,16787173
Taiwan,1982,18501390,18503372
Taiwan,1987,19757799,19759786
Taiwan,1992,20686918,20688910
Taiwan,1997,21628605,21630602
Taiwan,2002,22454239,22456241
Taiwan,2007,23174294,23176301
Tanzania,1952,8322925,8324877
Tanzania,1957,9452826,9454783
Tanzania,1962,10863958,10865920
Tanzania,1967,12607312,12609279
Tanzania,1972,14706593,14708565
Tanzania,1977,17129565,17131542
Tanzania,1982,19844382,19846364
Tanzania,1987,23040630,23042617
Tanzania,1992,26605473,26607465
Tanzania,1997,30686889,30688886
Tanzania,2002,34593779,34595781
Tanzania,2007,38139640,38141647
Thailand,1952,21289402,21291354
Thailand,1957,25041917,25043874
Thailand,1962,29263397,29265359
Thailand,1967,34024249,34026216
Thailand,1972,39276153,39278125
Thailand,1977,44148285,44150262
Thailand,1982,48827160,48829142
Thailand,1987,52910342,52912329
Thailand,1992,56667095,56669087
Thailand,1997,60216677,60218674
Thailand,2002,62806748,62808750
Thailand,2007,65068149,65070156
Togo,1952,1219113,1221065
Togo,1957,1357445,1359402
Togo,1962,1528098,1530060
Togo,1967,1735550,1737517
Togo,1972,2056351,2058323
Togo,1977,2308582,2310559
Togo,1982,2644765,2646747
Togo,1987,3154264,3156251
Togo,1992,3747553,3749545
Togo,1997,4320890,4322887
Togo,2002,4977378,4979380
Togo,2007,5701579,5703586
Trinidad and Tobago,1952,662850,664802
Trinidad and Tobago,1957,764900,766857
Trinidad and Tobago,1962,887498,889460
Trinidad and Tobago,1967,960155,962122
Trinidad and Tobago,1972,975199,977171
Trinidad and Tobago,1977,1039009,1040986
Trinidad and Tobago,1982,1116479,1118461
Trinidad and Tobago,1987,1191336,1193323
Trinidad and Tobago,1992,1183669,1185661
Trinidad and Tobago,1997,1138101,1140098
Trinidad and Tobago,2002,1101832,1103834
Trinidad and Tobago,2007,1056608,1058615
Tunisia,1952,3647735,3649687
Tunisia,1957,3950849,3952806
Tunisia,1962,4286552,4288514
Tunisia,1967,4786986,4788953
Tunisia,1972,5303507,5305479
Tunisia,1977,6005061,6007038
Tunisia,1982,6734098,6736080
Tunisia,1987,7724976,7726963
Tunisia,1992,8523077,8525069
Tunisia,1997,9231669,9233666
Tunisia,2002,9770575,9772577
Tunisia,2007,10276158,10278165
Turkey,1952,22235677,22237629
Turkey,1957,25670939,25672896
Turkey,1962,29788695,29790657
Turkey,1967,33411317,33413284
Turkey,1972,37492953,37494925
Turkey,1977,42404033,42406010
Turkey,1982,47328791,47330773
Turkey,1987,52881328,52883315
Turkey,1992,58179144,58181136
Turkey,1997,63047647,63049644
Turkey,2002,67308928,67310930
Turkey,2007,71158647,71160654
Uganda,1952,5824797,5826749
Uganda,1957,6675501,6677458
Uganda,1962,7688797,7690759
Uganda,1967,8900294,8902261
Uganda,1972,10190285,10192257
Uganda,1977,11457758,11459735
Uganda,1982,12939400,12941382
Uganda,1987,15283050,15285037
Uganda,1992,18252190,18254182
Uganda,1997,21210254,21212251
Uganda,2002,24739869,24741871
Uganda,2007,29170398,29172405
United Kingdom,1952,50430000,50431952
United Kingdom,1957,51430000,51431957
United Kingdom,1962,53292000,53293962
United Kingdom,1967,54959000,54960967
United Kingdom,1972,56079000,56080972
United Kingdom,1977,56179000,56180977
United Kingdom,1982,56339704,56341686
United Kingdom,1987,56981620,56983607
United Kingdom,1992,57866349,57868341
United Kingdom,1997,58808266,58810263
United Kingdom,2002,59912431,59914433
United Kingdom,2007,60776238,60778245
United States,1952,157553000,157554952
United States,1957,171984000,171985957
United States,1962,186538000,186539962
United States,1967,198712000,198713967
United States,1972,209896000,209897972
United States,1977,220239000,220240977
United States,1982,232187835,232189817
United States,1987,242803533,242805520
United States,1992,256894189,256896181
United States,1997,272911760,272913757
United States,2002,287675526,287677528
United States,2007,301139947,301141954
Uruguay,1952,2252965,2254917
Uruguay,1957,2424959,2426916
Uruguay,1962,2598466,2600428
Uruguay,1967,2748579,2750546
Uruguay,1972,2829526,2831498
Uruguay,1977,2873520,2875497
Uruguay,1982,2953997,2955979
Uruguay,1987,3045153,3047140
Uruguay,1992,3149262,3151254
Uruguay,1997,3262838,3264835
Uruguay,2002,3363085,3365087
Uruguay,2007,3447496,3449503
Venezuela,1952,5439568,5441520
Venezuela,1957,6702668,6704625
Venezuela,1962,8143375,8145337
Venezuela,1967,9709552,9711519
Venezuela,1972,11515649,11517621
Venezuela,1977,13503563,13505540
Venezuela,1982,15620766,15622748
Venezuela,1987,17910182,17912169
Venezuela,1992,20265563,20267555
Venezuela,1997,22374398,22376395
Venezuela,2002,24287670,24289672
Venezuela,2007,26084662,26086669
Vietnam,1952,26246839,26248791
Vietnam,1957,28998543,29000500
Vietnam,1962,33796140,33798102
Vietnam,1967,39463910,39465877
Vietnam,1972,44655014,44656986
Vietnam,1977,50533506,50535483
Vietnam,1982,56142181,56144163
Vietnam,1987,62826491,62828478
Vietnam,1992,69940728,69942720
Vietnam,1997,76048996,76050993
Vietnam,2002,80908147,80910149
Vietnam,2007,85262356,85264363
West Bank and Gaza,1952,1030585,1032537
West Bank and Gaza,1957,1070439,1072396
West Bank and Gaza,1962,1133134,1135096
West Bank and Gaza,1967,1142636,1144603
West Bank and Gaza,1972,1089572,1091544
West Bank and Gaza,1977,1261091,1263068
West Bank and Gaza,1982,1425876,1427858
West Bank and Gaza,1987,1691210,1693197
West Bank and Gaza,1992,2104779,2106771
West Bank and Gaza,1997,2826046,2828043
West Bank and Gaza,2002,3389578,3391580
West Bank and Gaza,2007,4018332,4020339
"Yemen, Rep.",1952,4963829,4965781
"Yemen, Rep.",1957,5498090,5500047
"Yemen, Rep.",1962,6120081,6122043
"Yemen, Rep.",1967,6740785,6742752
"Yemen, Rep.",1972,7407075,7409047
"Yemen, Rep.",1977,8403990,8405967
"Yemen, Rep.",1982,9657618,9659600
"Yemen, Rep.",1987,11219340,11221327
"Yemen, Rep.",1992,13367997,13369989
"Yemen, Rep.",1997,15826497,15828494
"Yemen, Rep.",2002,18701257,18703259
"Yemen, Rep.",2007,22211743,22213750
Zambia,1952,2672000,2673952
Zambia,1957,3016000,3017957
Zambia,1962,3421000,3422962
Zambia,1967,3900000,3901967
Zambia,1972,4506497,4508469
Zambia,1977,5216550,5218527
Zambia,1982,6100407,6102389
Zambia,1987,7272406,7274393
Zambia,1992,8381163,8383155
Zambia,1997,9417789,9419786
Zambia,2002,10595811,10597813
Zambia,2007,11746035,11748042
Zimbabwe,1952,3080907,3082859
Zimbabwe,1957,3646340,3648297
Zimbabwe,1962,4277736,4279698
Zimbabwe,1967,4995432,4997399
Zimbabwe,1972,5861135,5863107
Zimbabwe,1977,6642107,6644084
Zimbabwe,1982,7636524,7638506
Zimbabwe,1987,9216418,9218405
Zimbabwe,1992,10704340,10706332
Zimbabwe,1997,11404948,11406945
Zimbabwe,2002,11926563,11928565
Zimbabwe,2007,12311143,12313150
